0.37 0.57
0.37 0.57
0.37 0.55
0.36 0.44
0.37 0.39
0.36 0.33
0.37 0.28
0.35 0.05
0.31 -0.85
0.08 -6.94
0.08 -7.08
0.08 -7.08
0.08 -7.08
0.08 -7.07
0.23 -3.15
0.36 0.15
0.36 0.32
0.37 0.39
0.37 0.51
0.38 0.58
0.38 0.58
0.39 0.59
0.37 0.58
0.37 0.58
0.37 0.58
0.37 0.58
0.37 0.58
0.37 0.47
0.36 0.38
0.36 0.31
0.36 0.03
0.22 -3.67
0.08 -7.07
0.08 -7.07
0.08 -7.07
0.08 -7.07
0.08 -7.07
0.17 -4.55
0.35 0.10
0.36 0.42
0.37 0.56
0.37 0.58
0.37 0.58
0.37 0.58
0.38 0.58
0.37 0.57